#Simulated Annealing
#temp time_s_avg time_s_std (for 3 trials)
0.001 28.02181696666715 1.0619266186059522
0.0009 27.124156233330723 1.2236335640818627
0.0007999999999999999 28.028389766657103 2.500421581016034
0.0006999999999999999 26.387094600009732 0.7860338528982685
0.0005999999999999998 29.933707266657922 1.61908800613167
0.0004999999999999998 31.545438233336125 4.538817686733618
0.0003999999999999998 34.039908466666624 6.162614642998732
0.0002999999999999998 31.39170669999051 0.27102363541434843
0.00019999999999999982 32.81076256667924 0.09500220691648838
